results:
- scenario: No Duration
  model: Random Forest
  metrics:
    accuracy: 0.716524854455889
    sensitivity: 0.7829787234042553
    specificity: 0.6427221172022685
    balanced_accuracy: 0.712850420303262
    best_mtry: 6
    n_trees: 1000
  params:
    keep_duration: false
    cv_folds: 5
    random_state: 85
- scenario: No Duration
  model: GBM
  metrics:
    accuracy: 0.7227944469323779
    sensitivity: 0.7957446808510639
    specificity: 0.6417769376181475
    balanced_accuracy: 0.7187608092346056
    best_learning_rate: 0.05
    best_max_depth: 7
    best_min_samples_leaf: 5
    best_n_estimators: 500
  params:
    keep_duration: false
    cv_folds: 5
    random_state: 85
- scenario: No Duration
  model: Logistic Regression
  metrics:
    accuracy: 0.6963725929243171
    sensitivity: 0.7651063829787234
    specificity: 0.6200378071833649
    balanced_accuracy: 0.6925720950810441
  params:
    keep_duration: false
    cv_folds: 5
    random_state: 85
- scenario: No Duration
  model: LDA
  metrics:
    accuracy: 0.696820420958352
    sensitivity: 0.8161702127659575
    specificity: 0.5642722117202268
    balanced_accuracy: 0.6902212122430922
  params:
    keep_duration: false
    cv_folds: 5
    random_state: 85
- scenario: No Duration
  model: Logistic/LDA MCCV
  metrics:
    mccv_iterations: 100
  mccv_summary:
  - model: LDA
    train_iterations: 100
    accuracy_mean: 0.7035483870967743
    accuracy_std: 0.013162967249555263
    sensitivity_mean: 0.8194614276475185
    specificity_mean: 0.5751319863989969
    balanced_accuracy_mean: 0.6972967070232577
  - model: Logistic Regression
    train_iterations: 100
    accuracy_mean: 0.7017562724014337
    accuracy_std: 0.012635451680512876
    sensitivity_mean: 0.7948238011614867
    specificity_mean: 0.5987724518278623
    balanced_accuracy_mean: 0.6967981264946745
  params:
    keep_duration: false
    random_state: 85
- scenario: With Duration
  model: Random Forest
  metrics:
    accuracy: 0.8441558441558441
    sensitivity: 0.8093617021276596
    specificity: 0.8827977315689981
    balanced_accuracy: 0.8460797168483288
    best_mtry: 6
    n_trees: 1000
  params:
    keep_duration: true
    cv_folds: 5
    random_state: 85
- scenario: With Duration
  model: GBM
  metrics:
    accuracy: 0.8522167487684729
    sensitivity: 0.8272340425531914
    specificity: 0.8799621928166351
    balanced_accuracy: 0.8535981176849132
    best_learning_rate: 0.05
    best_max_depth: 7
    best_min_samples_leaf: 5
    best_n_estimators: 500
  params:
    keep_duration: true
    cv_folds: 5
    random_state: 85
- scenario: With Duration
  model: Logistic Regression
  metrics:
    accuracy: 0.819525302283923
    sensitivity: 0.8417021276595744
    specificity: 0.7948960302457467
    balanced_accuracy: 0.8182990789526605
  params:
    keep_duration: true
    cv_folds: 5
    random_state: 85
- scenario: With Duration
  model: LDA
  metrics:
    accuracy: 0.8069861173309449
    sensitivity: 0.8561702127659574
    specificity: 0.7523629489603024
    balanced_accuracy: 0.80426658086313
  params:
    keep_duration: true
    cv_folds: 5
    random_state: 85
- scenario: With Duration
  model: Logistic/LDA MCCV
  metrics:
    mccv_iterations: 100
  mccv_summary:
  - model: LDA
    train_iterations: 100
    accuracy_mean: 0.8154480286738351
    accuracy_std: 0.011662258609304747
    sensitivity_mean: 0.8739757615769678
    specificity_mean: 0.7505348622562343
    balanced_accuracy_mean: 0.8122553119166009
  - model: Logistic Regression
    train_iterations: 100
    accuracy_mean: 0.8231182795698925
    accuracy_std: 0.011999587471087605
    sensitivity_mean: 0.8482905594868523
    specificity_mean: 0.7952134046829821
    balanced_accuracy_mean: 0.8217519820849171
  params:
    keep_duration: true
    random_state: 85
